mesh=Fiat_Holder_MK2  pts=813 faces=1648
BB  X 47.559..111.728  Y -25.732..24.903  Z 0.000..41.000
centre X0=79.6435 Y0=-0.4143

Z      wires  pts   Xn_min   Xn_max   Yn_min   Yn_max
  0.4    138   276  -32.084   32.084  -25.318   25.318
  2.0    294   588  -32.084   32.084  -25.318   25.318
  4.0    294   588  -32.084   32.084  -25.318   25.318
  6.0    294   588  -32.084   32.084  -25.318   25.318
  7.6    294   588  -32.084   32.084  -25.318   25.318
  8.4    138   276  -15.957   15.957   -9.248    9.252
 10.0    138   276  -15.957   15.957   -9.248    9.252
 12.0    138   276  -15.957   15.957   -9.248    9.252
 16.0    138   276  -15.957   15.957   -9.248    9.252
 20.0    138   276  -15.957   15.957   -9.248    9.252
 22.0    179   358  -15.957   15.957   -9.336    9.343
 24.0    179   358  -15.957   15.957   -9.607    9.610
 26.0    179   358  -15.957   15.957   -9.877    9.878
 27.0    179   358  -15.957   15.957  -10.013   10.012
 28.0    179   358  -15.957   15.957  -10.148   10.146
 29.0    179   358  -15.957   15.957  -10.284   10.279
 30.0    176   352  -15.957   15.957  -10.248   10.327
 32.0    176   352  -15.957   15.957   -9.988   10.049
 34.0    176   352  -15.957   15.957   -9.728    9.770
 36.0    176   352  -15.957   15.957   -9.467    9.491
 38.0    148   296  -15.957   15.957   -9.248    9.251
 40.0    138   276  -15.366   15.366   -8.659    8.662
 40.8    138   276  -14.130   14.130   -7.427    7.431